003020600900305001001806400008102900700000008006708200002609500800203009005010300
483921657967345821251876493548132976729564138136798245372689514814253769695417382
200080300060070084030500209000105408000000000402706000301007040720040060004010003
245981376169273584837564219976125438513498627482736951391657842728349165654812793
000000907000420180000705026100904000050000040000507009920108000034059000507000000
462831957795426183381795426173984265659312748248567319926178534834259671517643892
030050040008010500460000012070502080000603000040109030250000098001020600080060020
137256849928314567465897312673542981819673254542189736256731498391428675784965123
020810740700003100090002805009040087400208003160030200302700060005600008076051090
523816749784593126691472835239145687457268913168937254342789561915624378876351492
480006902002008001900370060840010200003704100001060049020085007700900600609200018
487156932362498751915372864846519273593724186271863549124685397738941625659237418
000900002050123400030000160908000000070000090000000205091000050007439020400007000
814976532659123478732854169948265317275341896163798245391682754587439621426517983
000125400008400000420800000030000095060902010510000060000003049000007200001298000
976125438158436927423879156234761895867952314519384762782513649395647281641298573
062340750100005600570000040000094800400000006005830000030000091006400007059083260
962341758148975623573268149321694875487512936695837412834726591216459387759183264
300000000005009000200504000020000700160000058704310600000890100000067080000005437
397681524645279813218534976823956741169742358754318692472893165531467289986125437
630000000000500008005674000000020000003401020000000345000007004080300902947100080
639218457471539268825674139564823791793451826218796345352987614186345972947162583
000020040008035000000070602031046970200000000000501203049000730000000010800004000
697128345428635197315479682531246978286397451974581263149852736752963814863714529
361025900080960010400000057008000471000603000259000800740000005020018060005470329
361725948587964213492831657638259471174683592259147836746392185923518764815476329
050807020600010090702540006070020301504000908103080070900076205060090003080103040
359867124648312597712549836876924351524731968193685472931476285465298713287153649
080005000000003457000070809060400903007010500408007020901020000842300000000100080
786945312219863457534271869165482973327619548498537126951728634842356791673194285
003502900000040000106000305900251008070408030800763001308000104000020000005104800
743512986589346217126987345934251768671498532852763491398675124417829653265134879
000000000009805100051907420290401065000000000140508093026709580005103600000000000
782614359439825176651937428293471865568392714147568293326749581975183642814256937
020030090000907000900208005004806500607000208003102900800605007000309000030020050
428531796365947182971268435214896573697453218583172964849615327752389641136724859
005000006070009020000500107804150000000803000000092805907006000030400010200000600
425781936178369524369524187894157362652843791713692845987216453536478219241935678
040000050001943600009000300600050002103000506800020007005000200002436700030000040
348267951571943628269185374697351482123874596854629137415798263982436715736512849
004000000000030002390700080400009001209801307600200008010008053900040000000000800
124986735867435912395712684478359261259861347631274598712698453983547126546123879
500400060009000800640020000000001008208000501700500000000090084003000600060003002
581479263329156847647328159956731428238964571714582936172695384893247615465813792
007256400400000005010030060000508000008060200000107000030070090200000004006312700
387256419469781325512439867123548976758963241694127583835674192271895634946312758
000000000079050180800000007007306800450708096003502700700000005016030420000000000
345871269279653184861429537197346852452718396683592741738264915516937428924185673
030000080009000500007509200700105008020090030900402001004207100002000800070000090
235761489419328576867549213746135928521896734983472651394287165652913847178654392
200170603050000100000006079000040700000801000009050000310400000005000060906037002
298175643657394128134286579821649735573821496469753281312468957785912364946537812
000000080800701040040020030374000900000030000005000321010060050050802006080000000
761543289832791645549628137374215968128936574695487321417369852953872416286154793
000000085000210009960080100500800016000000000890006007009070052300054000480000000
132649785758213649964785123543897216276531894891426537619378452327154968485962371
608070502050608070002000300500090006040302050800050003005000200010704090409060701
698173542354628179172549368531897426946312857827456913765931284213784695489265731
050010040107000602000905000208030501040070020901080406000401000304000709020060010
852716943197843652463925187278634591645179328931582476786491235314258769529367814
053000790009753400100000002090080010000907000080030070500000003007641200061000940
453218796629753481178496532796582314314967825285134679542879163937641258861325947
006080300049070250000405000600317004007000800100826009000702000075040190003090600
516289347849173256732465918698317524327954861154826739961732485275648193483591672
005080700700204005320000084060105040008000500070803010450000091600508007003010600
945681723781234965326759184269175348138942576574863219457326891612598437893417652
000900800128006400070800060800430007500000009600079008090004010003600284001007000
365942871128756493974813562819435627537268149642179358296384715753691284481527936
000080000270000054095000810009806400020403060006905100017000620460000038000090000
134587296278169354695234817359816472821473569746925183917348625462751938583692741
000602000400050001085010620038206710000000000019407350026040530900020007000809000
193672485462358971785914623538296714674135298219487356826741539941523867357869142
000900002050123400030000160908000000070000090000000205091000050007439020400007000
814976532659123478732854169948265317275341896163798245391682754587439621426517983
010500200900001000002008030500030007008000500600080004040100700000700006003004050
316549278987321645452678931594236817238417569671985324845162793129753486763894152
080000040000469000400000007005904600070608030008502100900000005000781000060000010
586127943723469851491853267135974628279618534648532179917246385352781496864395712
904200007010000000000706500000800090020904060040002000001607000000000030300005702
954213687617548923832796541763851294128974365549362178281637459475129836396485712
002140860408250000170300004010000076605702341090000028520900007806570000007820630
352147869468259713179368254213485976685792341794613528521936487836574192947821635
017259640000060000500748003030080060805906702290000034000315000150090076004627300
317259648428163597569748123731482965845936712296571834672315489153894276984627351
300200809420100075009080002000400000084010720000003000600030900750001038803005004
316257849428169375579384162137428596984516723265793481641832957752941638893675214
306009508070080000509006007020068000450000081000710020700900806000050070905800402
316279548274583169589146237123468795457392681698715324731924856842651973965837412
